6128
2839
5756
2008
3742
6020
8756
818
5488
9873
6727
266
6614
7005
8353
9638
1692
6300
392
9381
2656
4848
130
4768
4625
8080
208
9584
4882
5560
5303
8550
3966
9324
5311
6202
1382
6522
4629
2851
166
7867
7435
5887
4853
7094
8223
9121
3291
1794
8681
709
6189
3973
2734
9040
5827
1533
9794
5384
7643
330
2346
5181
5895
7271
5664
9796
2225
8563
9183
2974
8622
1824
8861
3577
7760
6407
2921
5843
4054
358
3626
4486
6062
72
3911
3028
4683
9535
8917
2768
7106
7680
9355
1014
4701
6363
1393
7225
2786
613
7111
1544
286
1092
9698
475
9227
2134
4017
6176
417
5870
2734
652
6521
7517
671
7744
4636
8201
6684
1226
2522
3148
5996
5541
9286
5740
5896
1230
9742
9906
1889
1235
5529
7097
6317
4026
3177
7301
5756
9228
1136
1198
9768
717
895
1096
4363
2376
3450
1551
412
747
4727
6244
4705
7164
6709
479
4328
8247
2889
2687
272
8837
9059
502
8994
8346
6831
2826
7437
8091
4504
7449
9535
6746
2311
6892
9679
3872
377
1014
599
486
3870
10
7888
0
4621
5607
1093
3687
8918
7601
2089
4497
9152
7500
6373
4110
2128
6471
7242
418
9691
4371
2836
9274
706
2895
559
7853
9261
402
9651
1745
9987
8419
2059
3750
1444
7336
9492
691
8905
666
7841
6859
2788
7233
8491
2843
3489
5009
4037
5812
2030
6177
2493
7823
2471
4547
1423
7826
9401
1957
6291
6253
7993
8819
1831
2113
7741
5351
8744
4174
9319
3407
7001
5655
7571
8216
8038
4725
8326
4236
755
660
9717
3926
2365
350
168
8270
1650
3970
6691
1525
4668
6193
3636
4094
8136
7797
7356
7031
341
6590
9444
676
9800
3834
9553
3174
1005
3503
5649
5020
2919
1544
9173
9686
6488
4363
7577
866
5389
355
1694
2902
7393
7631
7513
696
754
4310
8677
8957
9200
9925
5971
7164
9441
4438
3250
7486
4737
3038
5545
725
3335
3508
5216
4550
7571
6137
7535
9476
8260
648
6238
7787
8678
284
3692
6389
1432
3400
3900
348
9419
5639
9417
9965
7927
7841
1210
5093
9848
1078
6864
7019
9221
4074
28
5722
1137
7837
3325
5785
8442
6854
1415
4792
6815
9755
48
345
1439
8336
5717
1209
7676
4617
3241
634
3279
1150
8605
1662
1429
7370
4842
5890
7270
1183
9627
8276
7958
6507
6392
4291
6549
7487
4094
2290
8641
5153
8618
1064
4171
9312
6468
391
3927
6815
7496
7078
3869
7841
9007
7917
6812
6175
8700
157
2094
8760
83
5178
9559
2726
9492
2135
4343
8777
8485
5852
6991
8370
6845
1109
3008
5518
2141
4842
3390
9981
6937
359
8868
6862
8964
4823
2642
9593
3754
4898
8945
3496
294
5616
4710
2899
8996
280
4133
4358
1761
8458
5549
497
6014
8854
8945
9325
6820
9719
2199
7254
5553
1183
2857
201
6464
4335
4842
9755
7159
8547
4418
7379
2618
2409
3466
1333
620
6252
5123
3404
8246
4481
9392
2611
8816
5277
7940
5377
2109
1313
9734
4655
4611
6979
4913
5334
9959
9306
600
7370
4519
5382
2246
1437
7489
8681
4068
3121
9842
7286
2324
8318
4952
85
1162
4636
3160
351
731
9918
4300
7452
3805
9339
9828
2183
910
8842
461
6251
5136
7241
4592
6733
6257
762
4001
5493
6457
459
4919
8682
5133
7088
7579
1048
6593
5871
3354
7313
6027
9608
4629
6941
7938
2207
1240
1807
4772
3144
7719
1735
6839
6493
5923
4653
2887
8863
5292
4144
6894
7063
8129
7163
7522
7911
2324
4176
7417
2658
9289
9221
7111
4228
6332
9176
552
4111
9361
6463
5769
8052
2295
3504
4352
2602
2406
9594
6396
5998
7320
255
935
616
9604
254
1543
2245
37
5313
6324
4054
3945
5168
8165
6980
7621
1040
8131
4527
8646
9723
1919
1666
4434
9837
2159
1300
1581
2424
2691
6973
4200
9941
3878
5074
4915
3496
4336
7312
4307
5534
3096
1954
7951
2550
9415
4222
4164
7625
5704
6530
3577
1527
9579
1750
6941
3503
9881
5230
7515
8699
3969
4543
5039
4118
6865
6411
7027
9083
2912
667
2835
9227
2648
9208
9759
5210
6594
9141
1950
6583
4010
7069
3006
6631
6305
8084
4026
8540
7360
8829
2661
3495
5738
2408
7475
9239
9627
3749
1991
4108
2445
1514
7319
1421
601
2188
7468
2242
3818
9325
7893
4415
3165
707
6186
9918
2596
5425
3230
3528
2522
5844
9694
5919
1826
8412
8919
1003
6872
1237
3604
3055
7865
449
1108
6055
3598
5011
3434
3601
3346
9227
5422
2869
6533
5961
2449
5122
4346
5552
7774
374
7723
9304
3403
7705
5420
2608
1935
9783
2397
2478
9918
1656
6136
6884
9007
5262
2555
9009
2414
4490
5248
6641
4974
796
1223
3347
2710
2981
6741
6277
348
6778
2645
4253
9728
9719
2685
2006
4495
3486
5884
3941
9655
1355
80
5720
9434
6885
6068
8586
2492
9395
2182
6661
4999
5304
1366
4132
5438
3756
3466
9668
8974
7033
8270
9287
7552
7151
4169
7492
7067
2388
8252
1870
5078
3372
163
7231
6043
7600
4046
5841
5895
4750
9369
9641
1534
4717
854
8097
796
1067
9245
4273
3478
6502
8330
8025
3183
5187
4324
6477
3766
2094
1694
7228
5565
8782
3254
799
1556
628
9739
6043
8004
448
3452
8531
8152
1648
9804
9294
7493
3607
7553
3168
4042
9845
75
2215
8402
9848
5986
2181
9398
3999
8024
2260
9536
9959
2045
779
7547
9860
7410
4828
22
6334
4661
3862
8247
1653
347
6222
3212
4658
859
5878
2124
9275
4295
3831
4029
3906
7558
2432
558
7532
7373
5210
3444
5449
7916
2695
2787
8709
4740
4231
5122
5642
2454
3511
417
1871
5335
1894
8694
305
2383
8821
6290
9388
4641
6091
5171
7829
4341
9554
7090
1656
6001
4769
861
682
4342
8871
9295
7130
9943
2337
139
3561
7172
2824
5224
4434
9076
6426
8102
9095
9441
7875
3935
8250
5389
1592
1992
6757
547
3423
1382
6391
5417
9982
5118
6572
3745
6143
5205
5127
7390
8109
6278
5310
4227
4111
466
5267
7335
3165
337
522
9253
403
2502
6955
7440
8545
6753
742
180
6556
6127
7246
2359
1637
1916
7732
9599
5716
7080
8209
509
9841
8886
2175
2534
6494
3361
357
307
4644
4746
2941
6334
2921
1197
7315
173
8587
7186
4668
6715
9532
6271
5072
8337
7353
8314
6694
2676
6985
8235
6491
8744
7967
7184
4351
6435
5131
2187
7548
268
9363
7910
3139
466
1065
1239
3301
8712
938
2622
1307
5294
3171
6731
8834
7323
2751
9804
1382
9030
6209
7332
5754
836
8539
360
7970
780
3497
1059
141
3143
3805
1993
882
2723
600
7432
4405
5286
4481
1866
3238
9119
3621
8759
3799
2872
6187
1064
4008
9399
8210
6614
3089
9460
1322
4561
9067
6934
1388
6988
8027
3798
1639
518
9436
6549
728
2995
9096
6937
661
169
2499
258
7846
4087
884
8123
7808
4783
3344
6589
6560
5013
852
2189
2064
2479
4431
5589
585
6444
507
7151
6389
2193
5798
6894
9391
174
1953
9911
9018
3360
9908
8301
8506
3007
475
507
4067
4183
994
9929
5037
901
2504
9218
3857
7607
8451
9420
2578
9590
4880
7462
346
8383
9605
6272
5328
8572
2789
2404
9763
2962
2126
578
6406
6580
5523
7689
4664
5492
9281
6642
6638
5113
9457
3894
8336
3789
489
928
2077
5917
366
9789
3307
5108
8907
2416
4959
6689
2967
9266
8053
3060
7573
9431
5981
2904
9229
7163
3058
2090
8675
1227
8312
7271
2513
4352
6657
3908
8262
3637
6349
2967
5914
714
1196
9507
4765
2978
7792
1057
7483
8855
2724
8025
4542
3742
5651
1984
2832
4372
1430
7931
6698
9047
3374
3314
7966
1841
1386
352
2686
3071
213
2791
6168
1905
2752
9072
8110
9930
296
464
9654
9942
1187
6582
5467
2923
8508
5601
7981
5544
7192
3454
7324
7947
7764
1742
3820
8159
2621
5430
1429
146
4172
5153
7546
372
5980
6288
836
3723
1001
7778
6027
8884
7847
2270
3392
1652
5980
237
8394
2460
5835
2517
7387
4059
1278
5663
6894
9773
8687
3562
8399
9873
67
9417
6262
633
9139
4967
98
8090
4073
5915
383
5220
3267
3766
947
571
71
553
3274
2995
868
5604
7948
8346
1696
2601
6536
5760
1059
6255
3008
3298
7999
3171
8208
723
3259
7656
7788
9195
9643
1407
9717
106
5917
6194
6103
1397
8578
4154
3650
897
3606
288
9027
8286
5774
7408
4623
1370
1150
9674
2539
3799
5365
4003
3483
9430
6485
4616
8629
9890
722
6706
5665
3178
199
4181
1264
6230
6991
5826
3317
6619
999
6189
1172
2041
1245
1049
278
5409
4036
4046
6998
5940
1608
6253
91
9015
9960
218
7090
8323
1349
88
5208
8728
1525
8483
2913
4914
2564
1319
5272
8452
600
5438
2163
3312
4736
9910
5601
9720
4040
9440
2595
4783
1579
5509
5925
2793
8230
8339
3864
833
3317
7813
461
6537
1324
7185
7167
3772
1412
4363
5582
7424
6288
7511
1492
3143
6363
860
5989
3300
1856
3252
5832
5162
9076
8895
2620
1984
8484
2215
4681
17
4023
4014
7749
8496
6384
2355
1423
4281
4947
7572
5451
6963
2065
6045
9034
4289
5394
3183
6870
5816
685
1356
8103
7786
6279
1343
7701
6353
678
1656
714
5319
4656
6485
227
8002
9893
9260
2851
5005
9477
9412
7076
1857
9312
9076
9739
8900
9193
1795
2454
9400
3110
2863
8069
9763
3366
361
9539
8702
2831
2845
9295
3255
4211
79
9915
1490
4238
1169
7456
5100
9599
6945
7692
3743
3888
3023
6969
2274
404
45
8075
5256
6973
3935
8326
8425
7687
433
3306
9645
5460
5480
5404
5700
6436
6128
1394
5571
3488
1301
9626
3098
9347
6270
7416
7777
5863
1987
106
5599
2824
143
889
8669
3750
6976
9710
1343
8508
6859
8799
2450
6584
7101
9013
2404
839
285
315
6188
1406
2941
6837
4426
7143
3454
5274
297
2742
4435
8096
49
6583
5886
643
3161
6887
8071
1793
5050
3211
44
1141
4511
336
8289
3886
6841
7568
984
4651
4302
910
7772
8501
6913
2958
1287
9977
9565
5204
6020
4432
5387
951
7599
5037
7779
8962
6136
1011
5486
1767
7462
8769
9034
4512
8808
602
71
4467
4566
7797
5503
5409
2247
8078
6915
348
9212
7927
2896
9155
2617
911
8992
7387
7476
6092
9868
6123
8438
9448
6207
3476
7022
6998
1446
5243
5445
7391
6996
8005
6300
9133
7906
8078
6769
2980
3428
5045
6385
1384
518
3944
8551
2815
6693
9399
3634
3939
8154
7704
6069
8675
4673
6710
9864
1704
5080
9670
1740
9648
7906
9209
3724
6440
3964
39
1151
9626
8231
9486
2506
3056
6772
4070
8561
6404
4958
2528
8078
5143
3200
8507
9434
474
887
4434
1849
1164
2530
7621
4003
912
551
642
2124
9290
6927
9441
3700
4406
9425
6601
9882
9892
2492
818
6156
4308
3822
3960
7962
4795
866
9112
5449
4495
3990
9082
4483
8133
3578
2236
1787
772
9381
1095
2318
6181
8513
3919
229
7082
4774
1308
9623
9656
4869
4560
6268
5922
1434
7685
5372
3267
8693
2372
2997
5512
514
7812
9947
6440
4196
5822
3034
576
4368
8729
4360
3599
8517
9350
2230
1051
7498
4906
4596
9407
3760
627
6308
8418
967
3737
3910
260
1500
2515
1859
3959
8575
755
5686
7688
354
2079
836
7833
4302
4525
5180
6924
4688
5642
6730
3213
7153
7175
2869
5005
211
6800
7064
6407
5494
9594
2990
7153
2747
9625
1782
657
1968
1403
9318
6249
1034
7077
3916
9361
5057
8775
1328
7855
8197
4350
7077
7173
5918
4215
5086
5223
5889
5307
8093
1271
6318
4459
9879
8543
6870
2009
7731
3882
1146
5536
7713
9776
9679
9426
1575
7724
7886
1516
7542
9100
4776
7799
2828
5109
7142
2910
5155
4992
6478
9959
2263
1028
1826
5825
5668
3841
1970
9480
6093
4262
449
6743
7321
5296
6742
26
8696
4528
793
607
6644
1112
3341
25
3139
5682
8349
321
3928
7036
3423
6985
201
5283
7093
8110
1835
8059
770
7354
8137
1081
8569
4130
7732
5294
9729
8307
5092
9696
5334
4564
6205
4198
1225
1112
1149
607
2039
2402
3489
3456
8550
997
4711
4361
3212
9799
8015
2658
858
9346
7946
999
4326
5815
132
2205
2454
7215
7743
8688
2168
335
5717
1738
2175
7815
9166
3618
2711
1303
3490
1103
9881
9118
9814
6216
3579
3601
1187
3817
6159
1317
5845
1828
3915
4473
5343
4657
969
3634
9259
7331
5428
420
5951
8905
9331
3114
252
3630
2626
5635
7151
7982
7612
3081
7738
5781
37
8751
7021
8885
3908
7558
766
6835
9821
3260
4056
4831
7756
4034
879
5535
1374
1288
2337
6951
2729
8279
6952
1110
8253
4730
6733
1424
6562
1242
662
6548
5040
7285
3568
3897
973
2394
7288
5050
7552
9332
9346
3098
1669
8241
9101
8742
2346
3837
8894
2054
1654
5872
8328
544
6521
464
3950
8361
815
2212
4063
2824
3534
1511
4416
3866
2286
1621
4327
3035
392
7605
1395
1895
8951
8451
4969
4493
3931
7865
6058
4333
1773
1497
2240
3262
4349
5770
5399
2782
1175
7468
7384
5175
6532
8153
3121
5898
5660
2091
7552
2667
8329
356
8126
4169
8934
9070
7000
4968
5671
4111
3657
9645
5106
6488
516
6501
5259
3418
9276
1507
9150
1110
1974
6404
1573
992
54
8736
602
2767
1687
1199
534
1651
8055
3765
5543
8131
9582
988
512
3827
2367
7788
8426
8511
8438
4586
5752
7030
1698
1050
9417
9413
2572
7202
279
7470
9461
9709
5404
7702
3711
9209
2836
4792
1
5918
6989
8745
6654
4698
379
6057
9247
9966
6376
6642
7117
5391
4056
7761
5131
7145
8811
9422
3359
1399
4684
6505
5281
7175
4455
483
8780
5438
2391
6470
5826
3208
7628
9282
7341
2905
3323
7845
3775
5349
3024
839
3003
4473
5103
383
7372
5348
6376
4629
4851
8165
3369
3908
5550
3074
5837
4123
7044
322
178
2177
973
7160
9081
7235
2398
9900
438
9324
2418
5032
9895
335
980
7996
7889
708
5466
2670
6421
4973
8059
8289
7314
1715
8960
5553
788
3490
3992
1001
9627
9966
870
705
6902
1008
6005
9991
8814
6449
8172
4248
4319
97
269
7099
8113
1332
5447
8283
1685
3243
443
5647
3659
7835
1067
3480
4384
8459
3598
2326
2244
3823
5009
8183
8537
8892
1336
3309
8856
4839
2418
8347
5086
3487
2009
9180
8612
3316
6216
7136
9516
3906
1832
4627
3783
2430
9011
204
8211
7035
2282
3807
322
4458
1474
7023
4934
572
6872
2132
4936
6804
3494
7845
296
9342
5069
2370
7902
4423
2882
9936
2751
4567
2134
8977
6587
5442
9405
7312
6851
6358
7423
4439
4761
2273
909
7901
5199
6755
2732
9534
5809
5820
5709
6408
9807
6210
2717
9760
5571
5872
4231
9696
769
2814
8072
4845
555
8137
4859
3048
5524
9216
9410
1713
3612
4362
2006
5763
5994
1335
7862
1393
9321
6897
5195
7931
713
4510
1036
4940
2950
4021
7789
5458
1734
7323
898
7131
2907
5801
3682
7209
6952
7500
3767
6498
3040
4376
8065
4615
8299
7897
1834
2479
9570
3464
660
8287
7529
3287
3743
4568
2652
1369
4535
4477
9474
9889
3945
4495
4830
3509
790
3399
4805
9278
7760
6815
1706
6543
4258
3293
5396
784
3741
4957
8369
2022
3692
7130
7044
6640
6041
505
5017
7905
3912
755
1545
1717
8449
6732
3674
3169
155
7636
4718
9292
8724
1130
4859
8916
9613
408
123
4014
6626
9215
105
606
3144
7072
844
5567
5694
5203
2609
959
262
9080
8416
3338
1101
7288
2289
6226
5638
1751
6231
4824
6981
9480
9162
1577
4166
1228
5907
9352
5502
745
3600
4900
826
2083
4135
4197
1380
3130
2567
7161
2371
144
6411
2437
7042
2597
8856
2218
9705
8529
4197
8646
6023
4237
4378
5156
1906
6430
5312
4945
9829
175
2776
1932
1287
3162
3176
7673
9196
866
5937
9249
2565
2096
2716
4362
6467
7513
4802
1247
7017
7064
6635
3692
2575
9645
8622
9576
8627
4545
615
1214
7002
8533
2566
8586
8307
9558
6436
6301
9981
7823
513
5117
5263
4812
6041
669
8437
3910
7797
3108
4827
2687
1933
4796
9441
9932
4139
9593
8542
2762
6347
2035
2881
5662
4574
8642
1955
5645
7758
3110
5848
4693
7836
9696
9669
1670
2981
8337
3835
3489
3
3165
8369
2379
8031
2170
9184
909
5557
3275
8503
9532
8464
6692
6159
8336
6084
169
1417
9571
4314
8631
6468
632
9109
1903
8282
9461
2612
794
938
1182
6945
3006
1184
9487
6
6540
8704
7318
5279
9026
2611
9179
5482
2532
712
2461
1531
7666
971
5659
2924
8262
7394
8299
802
2668
2244
8490
3275
8670
5541
9921
8931
9595
4077
6624
1525
6820
2886
954
6638
4739
9156
7372
8942
4871
3423
4171
5560
9152
4683
2377
217
1188
841
9396
1877
7900
9798
4475
2172
2351
2881
9662
7548
3928
4538
3153
8224
4998
4550
1836
535
4544
7007
6834
8543
2067
2952
2172
3135
4489
479
1346
3860
9320
3915
8053
3411
9012
6996
4284
3390
5218
5873
4120
5666
8058
3741
7462
3196
3559
4419
1921
7259
8511
7977
3922
2145
2426
201
3445
1108
7569
6585
9897
5873
8724
9420
7427
4432
1895
8002
7104
6146
8554
6090
9061
2503
676
4120
3700
5340
923
1042
9278
8033
7363
9444
9903
9497
6289
2419
1402
6026
7034
4639
9394
9717
3645
8465
1443
2847
3593
3860
1227
398
5500
1872
184
9504
250
5473
1406
5236
9558
1542
901
2668
8256
8502
5933
5290
7115
9149
5247
3399
7353
1523
7106
4866
5862
1294
7975
3414
8238
9102
4497
6453
1964
6598
7844
8576
4016
